{
        "sfm_data_version": "0.3",
        "root_path": "/working/om2/object_modeling2/Method 3/real(ros-bag)/2. openMVG triangulation/scripts/../data/images",
        "views": [ 
                 {
                "key": 0,
                "value": {
                    "polymorphic_id": 1073741824,
                    "ptr_wrapper": {
                        "id": 2147483649,
                        "data": {
                            "local_path": "",
                            "filename": "frame000010.png",
                            "width": 1280,
                            "height": 720,
                            "id_view": 0,
                            "id_intrinsic": 0,
                            "id_pose": 0
                        }
                    }
                }
            },
         {
                "key": 1,
                "value": {
                    "polymorphic_id": 1073741824,
                    "ptr_wrapper": {
                        "id": 2147483650,
                        "data": {
                            "local_path": "",
                            "filename": "frame000025.png",
                            "width": 1280,
                            "height": 720,
                            "id_view": 1,
                            "id_intrinsic": 0,
                            "id_pose": 1
                        }
                    }
                }
            },
         {
                "key": 2,
                "value": {
                    "polymorphic_id": 1073741824,
                    "ptr_wrapper": {
                        "id": 2147483651,
                        "data": {
                            "local_path": "",
                            "filename": "frame000040.png",
                            "width": 1280,
                            "height": 720,
                            "id_view": 2,
                            "id_intrinsic": 0,
                            "id_pose": 2
                        }
                    }
                }
            },
         {
                "key": 3,
                "value": {
                    "polymorphic_id": 1073741824,
                    "ptr_wrapper": {
                        "id": 2147483652,
                        "data": {
                            "local_path": "",
                            "filename": "frame000055.png",
                            "width": 1280,
                            "height": 720,
                            "id_view": 3,
                            "id_intrinsic": 0,
                            "id_pose": 3
                        }
                    }
                }
            },
         {
                "key": 4,
                "value": {
                    "polymorphic_id": 1073741824,
                    "ptr_wrapper": {
                        "id": 2147483653,
                        "data": {
                            "local_path": "",
                            "filename": "frame000070.png",
                            "width": 1280,
                            "height": 720,
                            "id_view": 4,
                            "id_intrinsic": 0,
                            "id_pose": 4
                        }
                    }
                }
            },
         {
                "key": 5,
                "value": {
                    "polymorphic_id": 1073741824,
                    "ptr_wrapper": {
                        "id": 2147483654,
                        "data": {
                            "local_path": "",
                            "filename": "frame000085.png",
                            "width": 1280,
                            "height": 720,
                            "id_view": 5,
                            "id_intrinsic": 0,
                            "id_pose": 5
                        }
                    }
                }
            },
         {
                "key": 6,
                "value": {
                    "polymorphic_id": 1073741824,
                    "ptr_wrapper": {
                        "id": 2147483655,
                        "data": {
                            "local_path": "",
                            "filename": "frame000100.png",
                            "width": 1280,
                            "height": 720,
                            "id_view": 6,
                            "id_intrinsic": 0,
                            "id_pose": 6
                        }
                    }
                }
            },
         {
                "key": 7,
                "value": {
                    "polymorphic_id": 1073741824,
                    "ptr_wrapper": {
                        "id": 2147483656,
                        "data": {
                            "local_path": "",
                            "filename": "frame000115.png",
                            "width": 1280,
                            "height": 720,
                            "id_view": 7,
                            "id_intrinsic": 0,
                            "id_pose": 7
                        }
                    }
                }
            },
         {
                "key": 8,
                "value": {
                    "polymorphic_id": 1073741824,
                    "ptr_wrapper": {
                        "id": 2147483657,
                        "data": {
                            "local_path": "",
                            "filename": "frame000130.png",
                            "width": 1280,
                            "height": 720,
                            "id_view": 8,
                            "id_intrinsic": 0,
                            "id_pose": 8
                        }
                    }
                }
            },
         {
                "key": 9,
                "value": {
                    "polymorphic_id": 1073741824,
                    "ptr_wrapper": {
                        "id": 2147483658,
                        "data": {
                            "local_path": "",
                            "filename": "frame000145.png",
                            "width": 1280,
                            "height": 720,
                            "id_view": 9,
                            "id_intrinsic": 0,
                            "id_pose": 9
                        }
                    }
                }
            },
         {
                "key": 10,
                "value": {
                    "polymorphic_id": 1073741824,
                    "ptr_wrapper": {
                        "id": 2147483659,
                        "data": {
                            "local_path": "",
                            "filename": "frame000160.png",
                            "width": 1280,
                            "height": 720,
                            "id_view": 10,
                            "id_intrinsic": 0,
                            "id_pose": 10
                        }
                    }
                }
            },
         {
                "key": 11,
                "value": {
                    "polymorphic_id": 1073741824,
                    "ptr_wrapper": {
                        "id": 2147483660,
                        "data": {
                            "local_path": "",
                            "filename": "frame000175.png",
                            "width": 1280,
                            "height": 720,
                            "id_view": 11,
                            "id_intrinsic": 0,
                            "id_pose": 11
                        }
                    }
                }
            },
         {
                "key": 12,
                "value": {
                    "polymorphic_id": 1073741824,
                    "ptr_wrapper": {
                        "id": 2147483661,
                        "data": {
                            "local_path": "",
                            "filename": "frame000320.png",
                            "width": 1280,
                            "height": 720,
                            "id_view": 12,
                            "id_intrinsic": 0,
                            "id_pose": 12
                        }
                    }
                }
            },
         {
                "key": 13,
                "value": {
                    "polymorphic_id": 1073741824,
                    "ptr_wrapper": {
                        "id": 2147483662,
                        "data": {
                            "local_path": "",
                            "filename": "frame000335.png",
                            "width": 1280,
                            "height": 720,
                            "id_view": 13,
                            "id_intrinsic": 0,
                            "id_pose": 13
                        }
                    }
                }
            },
         {
                "key": 14,
                "value": {
                    "polymorphic_id": 1073741824,
                    "ptr_wrapper": {
                        "id": 2147483663,
                        "data": {
                            "local_path": "",
                            "filename": "frame000350.png",
                            "width": 1280,
                            "height": 720,
                            "id_view": 14,
                            "id_intrinsic": 0,
                            "id_pose": 14
                        }
                    }
                }
            },
         {
                "key": 15,
                "value": {
                    "polymorphic_id": 1073741824,
                    "ptr_wrapper": {
                        "id": 2147483664,
                        "data": {
                            "local_path": "",
                            "filename": "frame000365.png",
                            "width": 1280,
                            "height": 720,
                            "id_view": 15,
                            "id_intrinsic": 0,
                            "id_pose": 15
                        }
                    }
                }
            },
         {
                "key": 16,
                "value": {
                    "polymorphic_id": 1073741824,
                    "ptr_wrapper": {
                        "id": 2147483665,
                        "data": {
                            "local_path": "",
                            "filename": "frame000380.png",
                            "width": 1280,
                            "height": 720,
                            "id_view": 16,
                            "id_intrinsic": 0,
                            "id_pose": 16
                        }
                    }
                }
            },
         {
                "key": 17,
                "value": {
                    "polymorphic_id": 1073741824,
                    "ptr_wrapper": {
                        "id": 2147483666,
                        "data": {
                            "local_path": "",
                            "filename": "frame000395.png",
                            "width": 1280,
                            "height": 720,
                            "id_view": 17,
                            "id_intrinsic": 0,
                            "id_pose": 17
                        }
                    }
                }
            },
         {
                "key": 18,
                "value": {
                    "polymorphic_id": 1073741824,
                    "ptr_wrapper": {
                        "id": 2147483667,
                        "data": {
                            "local_path": "",
                            "filename": "frame000410.png",
                            "width": 1280,
                            "height": 720,
                            "id_view": 18,
                            "id_intrinsic": 0,
                            "id_pose": 18
                        }
                    }
                }
            },
         {
                "key": 19,
                "value": {
                    "polymorphic_id": 1073741824,
                    "ptr_wrapper": {
                        "id": 2147483668,
                        "data": {
                            "local_path": "",
                            "filename": "frame000425.png",
                            "width": 1280,
                            "height": 720,
                            "id_view": 19,
                            "id_intrinsic": 0,
                            "id_pose": 19
                        }
                    }
                }
            },
         {
                "key": 20,
                "value": {
                    "polymorphic_id": 1073741824,
                    "ptr_wrapper": {
                        "id": 2147483669,
                        "data": {
                            "local_path": "",
                            "filename": "frame000440.png",
                            "width": 1280,
                            "height": 720,
                            "id_view": 20,
                            "id_intrinsic": 0,
                            "id_pose": 20
                        }
                    }
                }
            },
         {
                "key": 21,
                "value": {
                    "polymorphic_id": 1073741824,
                    "ptr_wrapper": {
                        "id": 2147483670,
                        "data": {
                            "local_path": "",
                            "filename": "frame000455.png",
                            "width": 1280,
                            "height": 720,
                            "id_view": 21,
                            "id_intrinsic": 0,
                            "id_pose": 21
                        }
                    }
                }
            },
         {
                "key": 22,
                "value": {
                    "polymorphic_id": 1073741824,
                    "ptr_wrapper": {
                        "id": 2147483671,
                        "data": {
                            "local_path": "",
                            "filename": "frame000470.png",
                            "width": 1280,
                            "height": 720,
                            "id_view": 22,
                            "id_intrinsic": 0,
                            "id_pose": 22
                        }
                    }
                }
            },
         {
                "key": 23,
                "value": {
                    "polymorphic_id": 1073741824,
                    "ptr_wrapper": {
                        "id": 2147483672,
                        "data": {
                            "local_path": "",
                            "filename": "frame000485.png",
                            "width": 1280,
                            "height": 720,
                            "id_view": 23,
                            "id_intrinsic": 0,
                            "id_pose": 23
                        }
                    }
                }
            },
         {
                "key": 24,
                "value": {
                    "polymorphic_id": 1073741824,
                    "ptr_wrapper": {
                        "id": 2147483673,
                        "data": {
                            "local_path": "",
                            "filename": "frame000500.png",
                            "width": 1280,
                            "height": 720,
                            "id_view": 24,
                            "id_intrinsic": 0,
                            "id_pose": 24
                        }
                    }
                }
            },
         {
                "key": 25,
                "value": {
                    "polymorphic_id": 1073741824,
                    "ptr_wrapper": {
                        "id": 2147483674,
                        "data": {
                            "local_path": "",
                            "filename": "frame000515.png",
                            "width": 1280,
                            "height": 720,
                            "id_view": 25,
                            "id_intrinsic": 0,
                            "id_pose": 25
                        }
                    }
                }
            },
         {
                "key": 26,
                "value": {
                    "polymorphic_id": 1073741824,
                    "ptr_wrapper": {
                        "id": 2147483675,
                        "data": {
                            "local_path": "",
                            "filename": "frame000700.png",
                            "width": 1280,
                            "height": 720,
                            "id_view": 26,
                            "id_intrinsic": 0,
                            "id_pose": 26
                        }
                    }
                }
            },
         {
                "key": 27,
                "value": {
                    "polymorphic_id": 1073741824,
                    "ptr_wrapper": {
                        "id": 2147483676,
                        "data": {
                            "local_path": "",
                            "filename": "frame000715.png",
                            "width": 1280,
                            "height": 720,
                            "id_view": 27,
                            "id_intrinsic": 0,
                            "id_pose": 27
                        }
                    }
                }
            },
         {
                "key": 28,
                "value": {
                    "polymorphic_id": 1073741824,
                    "ptr_wrapper": {
                        "id": 2147483677,
                        "data": {
                            "local_path": "",
                            "filename": "frame000730.png",
                            "width": 1280,
                            "height": 720,
                            "id_view": 28,
                            "id_intrinsic": 0,
                            "id_pose": 28
                        }
                    }
                }
            },
         {
                "key": 29,
                "value": {
                    "polymorphic_id": 1073741824,
                    "ptr_wrapper": {
                        "id": 2147483678,
                        "data": {
                            "local_path": "",
                            "filename": "frame000745.png",
                            "width": 1280,
                            "height": 720,
                            "id_view": 29,
                            "id_intrinsic": 0,
                            "id_pose": 29
                        }
                    }
                }
            },
         {
                "key": 30,
                "value": {
                    "polymorphic_id": 1073741824,
                    "ptr_wrapper": {
                        "id": 2147483679,
                        "data": {
                            "local_path": "",
                            "filename": "frame000760.png",
                            "width": 1280,
                            "height": 720,
                            "id_view": 30,
                            "id_intrinsic": 0,
                            "id_pose": 30
                        }
                    }
                }
            },
         {
                "key": 31,
                "value": {
                    "polymorphic_id": 1073741824,
                    "ptr_wrapper": {
                        "id": 2147483680,
                        "data": {
                            "local_path": "",
                            "filename": "frame000775.png",
                            "width": 1280,
                            "height": 720,
                            "id_view": 31,
                            "id_intrinsic": 0,
                            "id_pose": 31
                        }
                    }
                }
            },
         {
                "key": 32,
                "value": {
                    "polymorphic_id": 1073741824,
                    "ptr_wrapper": {
                        "id": 2147483681,
                        "data": {
                            "local_path": "",
                            "filename": "frame000790.png",
                            "width": 1280,
                            "height": 720,
                            "id_view": 32,
                            "id_intrinsic": 0,
                            "id_pose": 32
                        }
                    }
                }
            },
         {
                "key": 33,
                "value": {
                    "polymorphic_id": 1073741824,
                    "ptr_wrapper": {
                        "id": 2147483682,
                        "data": {
                            "local_path": "",
                            "filename": "frame000805.png",
                            "width": 1280,
                            "height": 720,
                            "id_view": 33,
                            "id_intrinsic": 0,
                            "id_pose": 33
                        }
                    }
                }
            },
         {
                "key": 34,
                "value": {
                    "polymorphic_id": 1073741824,
                    "ptr_wrapper": {
                        "id": 2147483683,
                        "data": {
                            "local_path": "",
                            "filename": "frame000820.png",
                            "width": 1280,
                            "height": 720,
                            "id_view": 34,
                            "id_intrinsic": 0,
                            "id_pose": 34
                        }
                    }
                }
            },
         {
                "key": 35,
                "value": {
                    "polymorphic_id": 1073741824,
                    "ptr_wrapper": {
                        "id": 2147483684,
                        "data": {
                            "local_path": "",
                            "filename": "frame000835.png",
                            "width": 1280,
                            "height": 720,
                            "id_view": 35,
                            "id_intrinsic": 0,
                            "id_pose": 35
                        }
                    }
                }
            },
         {
                "key": 36,
                "value": {
                    "polymorphic_id": 1073741824,
                    "ptr_wrapper": {
                        "id": 2147483685,
                        "data": {
                            "local_path": "",
                            "filename": "frame000850.png",
                            "width": 1280,
                            "height": 720,
                            "id_view": 36,
                            "id_intrinsic": 0,
                            "id_pose": 36
                        }
                    }
                }
            },
         {
                "key": 37,
                "value": {
                    "polymorphic_id": 1073741824,
                    "ptr_wrapper": {
                        "id": 2147483686,
                        "data": {
                            "local_path": "",
                            "filename": "frame000865.png",
                            "width": 1280,
                            "height": 720,
                            "id_view": 37,
                            "id_intrinsic": 0,
                            "id_pose": 37
                        }
                    }
                }
            },
         {
                "key": 38,
                "value": {
                    "polymorphic_id": 1073741824,
                    "ptr_wrapper": {
                        "id": 2147483687,
                        "data": {
                            "local_path": "",
                            "filename": "frame000880.png",
                            "width": 1280,
                            "height": 720,
                            "id_view": 38,
                            "id_intrinsic": 0,
                            "id_pose": 38
                        }
                    }
                }
            },
         {
                "key": 39,
                "value": {
                    "polymorphic_id": 1073741824,
                    "ptr_wrapper": {
                        "id": 2147483688,
                        "data": {
                            "local_path": "",
                            "filename": "frame000895.png",
                            "width": 1280,
                            "height": 720,
                            "id_view": 39,
                            "id_intrinsic": 0,
                            "id_pose": 39
                        }
                    }
                }
            },
         {
                "key": 40,
                "value": {
                    "polymorphic_id": 1073741824,
                    "ptr_wrapper": {
                        "id": 2147483689,
                        "data": {
                            "local_path": "",
                            "filename": "frame000910.png",
                            "width": 1280,
                            "height": 720,
                            "id_view": 40,
                            "id_intrinsic": 0,
                            "id_pose": 40
                        }
                    }
                }
            },
         {
                "key": 41,
                "value": {
                    "polymorphic_id": 1073741824,
                    "ptr_wrapper": {
                        "id": 2147483690,
                        "data": {
                            "local_path": "",
                            "filename": "frame000925.png",
                            "width": 1280,
                            "height": 720,
                            "id_view": 41,
                            "id_intrinsic": 0,
                            "id_pose": 41
                        }
                    }
                }
            },
         {
                "key": 42,
                "value": {
                    "polymorphic_id": 1073741824,
                    "ptr_wrapper": {
                        "id": 2147483691,
                        "data": {
                            "local_path": "",
                            "filename": "frame000940.png",
                            "width": 1280,
                            "height": 720,
                            "id_view": 42,
                            "id_intrinsic": 0,
                            "id_pose": 42
                        }
                    }
                }
            },
         {
                "key": 43,
                "value": {
                    "polymorphic_id": 1073741824,
                    "ptr_wrapper": {
                        "id": 2147483692,
                        "data": {
                            "local_path": "",
                            "filename": "frame000955.png",
                            "width": 1280,
                            "height": 720,
                            "id_view": 43,
                            "id_intrinsic": 0,
                            "id_pose": 43
                        }
                    }
                }
            },
         {
                "key": 44,
                "value": {
                    "polymorphic_id": 1073741824,
                    "ptr_wrapper": {
                        "id": 2147483693,
                        "data": {
                            "local_path": "",
                            "filename": "frame000970.png",
                            "width": 1280,
                            "height": 720,
                            "id_view": 44,
                            "id_intrinsic": 0,
                            "id_pose": 44
                        }
                    }
                }
            },
         {
                "key": 45,
                "value": {
                    "polymorphic_id": 1073741824,
                    "ptr_wrapper": {
                        "id": 2147483694,
                        "data": {
                            "local_path": "",
                            "filename": "frame000985.png",
                            "width": 1280,
                            "height": 720,
                            "id_view": 45,
                            "id_intrinsic": 0,
                            "id_pose": 45
                        }
                    }
                }
            },
         {
                "key": 46,
                "value": {
                    "polymorphic_id": 1073741824,
                    "ptr_wrapper": {
                        "id": 2147483695,
                        "data": {
                            "local_path": "",
                            "filename": "frame001000.png",
                            "width": 1280,
                            "height": 720,
                            "id_view": 46,
                            "id_intrinsic": 0,
                            "id_pose": 46
                        }
                    }
                }
            }
    ],
        "intrinsics": [
            {
                "key": 0,
                "value": {
                    "polymorphic_id": 2147483649,
                    "polymorphic_name": "pinhole",
                    "ptr_wrapper": {
                        "id": 2147483696,
                        "data": {
                            "width": 1280,
                            "height": 720,
                            "focal_length": 1280.0,
                            "principal_point": [
                                624.0,
                                315.0
                            ]
                        }
                    }
                }
            }
        ],
        "extrinsics": [
            {
                "key": 0,
                "value": {
                    "rotation": [
                [0.12469360562775869, -0.9918643025713862, 0.025626353625251397], 
                [0.14415820268408952, -0.007442907342575689, -0.9895266624650306], 
                [0.98166690751723, 0.12708189648752988, 0.14205729221229996]],
                    "center": [
                0.9728150963783264,
                -0.004865225870162249,
                0.38981693983078003]
                }
            },
            {
                "key": 1,
                "value": {
                    "rotation": [
                [0.15989481690880547, -0.9858687802488799, 0.04996394356218775], 
                [0.1337130183398758, -0.02851773872690705, -0.9906096947356936], 
                [0.9780360301400659, 0.16507418546971475, 0.12726365168173745]],
                    "center": [
                0.972476601600647,
                -0.054430194199085236,
                0.40134984254837036]
                }
            },
            {
                "key": 2,
                "value": {
                    "rotation": [
                [0.20794165112181837, -0.9748931152289707, 0.07964724482293611], 
                [0.13019192751726927, -0.05311722993462881, -0.9900649584211179], 
                [0.9694381526111244, 0.21624517049687958, 0.11587792929935095]],
                    "center": [
                0.9632800221443176,
                -0.12553364038467407,
                0.4195748269557953]
                }
            },
            {
                "key": 3,
                "value": {
                    "rotation": [
                [0.25968087155909414, -0.9611445991819536, 0.09363174894057619], 
                [0.1118550952871658, -0.0663685660027748, -0.9915057494059398], 
                [0.9591946010088923, 0.26794826536123945, 0.09027427366251436]],
                    "center": [
                0.97313392162323,
                -0.1448175460100174,
                0.4265812933444977]
                }
            },
            {
                "key": 4,
                "value": {
                    "rotation": [
                [0.43101678511627073, -0.8947874743503994, 0.11653285671289304], 
                [0.06625857571068416, -0.09741171116392289, -0.9930361321084484], 
                [0.8999079575672314, 0.43573654227497327, 0.01730126103566909]],
                    "center": [
                1.0027449131011963,
                -0.20496881008148193,
                0.4569295644760132]
                }
            },
            {
                "key": 5,
                "value": {
                    "rotation": [
                [0.48223012088364414, -0.8683578212354657, 0.11579639377692658], 
                [0.05621599139462935, -0.10123520698199173, -0.993272971130712], 
                [0.8742390249949179, 0.4854957540149125, -3.0702945745808563e-06]],
                    "center": [
                1.011024832725525,
                -0.2247789055109024,
                0.468803346157074]
                }
            },
            {
                "key": 6,
                "value": {
                    "rotation": [
                [0.5122508780818709, -0.8586539002186938, 0.01767816573000769], 
                [-0.013284958799965496, -0.028503514681827546, -0.9995054074493375], 
                [0.8587331062524813, 0.5117626689101191, -0.026008132112020688]],
                    "center": [
                1.0591638088226318,
                -0.24072249233722687,
                0.46738526225090027]
                }
            },
            {
                "key": 7,
                "value": {
                    "rotation": [
                [0.5430873926891094, -0.8278187337353078, -0.14061375458687103], 
                [-0.13330191048773427, 0.08033840556764421, -0.9878139203570523], 
                [0.8290275535604743, 0.5552133685960025, -0.06671904353192132]],
                    "center": [
                1.1342785358428955,
                -0.257304847240448,
                0.4714561104774475]
                }
            },
            {
                "key": 8,
                "value": {
                    "rotation": [
                [0.5537569123816802, -0.8152557176502181, -0.16944437679703478], 
                [-0.1572351213415738, 0.09745396028156728, -0.9827409843097716], 
                [0.817698231994058, 0.5708422202886416, -0.0742210275442563]],
                    "center": [
                1.1531798839569092,
                -0.2615484893321991,
                0.47256696224212646]
                }
            },
            {
                "key": 9,
                "value": {
                    "rotation": [
                [0.6681820844481375, -0.737600275460234, -0.09735777145933938], 
                [-0.11482414966565219, 0.027053298313758356, -0.9930173884197129], 
                [0.7350837480696346, 0.6746954518086912, -0.06661779516438782]],
                    "center": [
                1.2105576992034912,
                -0.29512667655944824,
                0.4639381170272827]
                }
            },
            {
                "key": 10,
                "value": {
                    "rotation": [
                [0.7976826968239279, -0.6030756080601131, -0.001458132583420757], 
                [-0.044825384021407344, -0.056878654653624794, -0.9973743046580493], 
                [0.6014091786255339, 0.7956535864355284, -0.0724042143610586]],
                    "center": [
                1.273085594177246,
                -0.329606294631958,
                0.4565393626689911]
                }
            },
            {
                "key": 11,
                "value": {
                    "rotation": [
                [0.827594204664158, -0.5612809075298104, 0.007181590966676532], 
                [-0.02945639941837891, -0.05620191897495025, -0.9979848019067418], 
                [0.5605534345087944, 0.8257148945889531, -0.06304569703278173]],
                    "center": [
                1.2819052934646606,
                -0.3318749964237213,
                0.4592853784561157]
                }
            },
            {
                "key": 12,
                "value": {
                    "rotation": [
                [0.9660111437500803, 0.25844031179341365, 0.005574530543912257], 
                [0.060379757315437904, -0.2046171671353435, -0.976978044697032], 
                [-0.25134986583881574, 0.9441082671778858, -0.2132670269619269]],
                    "center": [
                1.5670980215072632,
                -0.3197174668312073,
                0.5054683089256287]
                }
            },
            {
                "key": 13,
                "value": {
                    "rotation": [
                [0.9160850581539284, 0.39947264110284725, 0.03478182337700844], 
                [0.13924025609943674, -0.23556465694631185, -0.9618323364698911], 
                [-0.3760323354559776, 0.885963261883969, -0.27141993530955094]],
                    "center": [
                1.5797656774520874,
                -0.26208120584487915,
                0.4993303418159485]
                }
            },
            {
                "key": 14,
                "value": {
                    "rotation": [
                [0.8684286659585387, 0.49397190298935834, 0.04270141916312442], 
                [0.19557858760067529, -0.26214677461457253, -0.9450016320786444], 
                [-0.4556102152208594, 0.8290179899231672, -0.3242661008649433]],
                    "center": [
                1.5895113945007324,
                -0.218055859208107,
                0.5006070137023926]
                }
            },
            {
                "key": 15,
                "value": {
                    "rotation": [
                [0.8232201029156787, 0.5662367920198543, -0.041043361443276], 
                [0.2317458238706193, -0.40115867073332967, -0.8862085499553678], 
                [-0.5182687867063065, 0.7200330660869207, -0.4614648940791062]],
                    "center": [
                1.610832929611206,
                -0.15123248100280762,
                0.5600450038909912]
                }
            },
            {
                "key": 16,
                "value": {
                    "rotation": [
                [0.7798316786021702, 0.6213030815844048, -0.07645282115294155], 
                [0.2721949610894733, -0.44653190926188674, -0.8523609312776096], 
                [-0.5637130974228126, 0.643887983134222, -0.517335296465766]],
                    "center": [
                1.6169010400772095,
                -0.11232638359069824,
                0.5731199383735657]
                }
            },
            {
                "key": 17,
                "value": {
                    "rotation": [
                [0.6811053784672163, 0.7167971928977617, -0.14932262948702424], 
                [0.35942193317121424, -0.5049982735375467, -0.7847245489211897], 
                [-0.637896023955705, 0.48081028272904736, -0.6015896729860948]],
                    "center": [
                1.6238068342208862,
                -0.03797593340277672,
                0.5887194275856018]
                }
            },
            {
